wbcode,country,disa1,disa2,disa3,disa4,disa5,disa6,disa7,disa8,disa9,disa10,disa11,disa12,disa13,disa14,disa15,disa16,disa17,disa18,disa19,disa20,disa21,disa22,disa23,disa24,disa25
AFG,Afghanistan,0,0,0.76,0.73,0,0,0,0,0,0,0,0,0.06,0,0,0,0,0,0,0,0,0,0.02,0,0
AGO,Angola,0.32,0.02,0.56,0,0,0,0.56,0,0,0.13,0,0,0,0,0.06,0,0.4,0,0.61,0,0,0.99,0.98,0.61,0
ALB,Albania,0,0,0.02,0,0,0,0,0,0,0,0,0,0,0,0.99,0,0,0,0,0,0,0,0,0,0.16
ARE,United Arab Emirates,0,0,0,0,0,0,0,0,0,0,0,0,0,0,0,0,0,0,0,0,0,0,0,0,0
ARG,Argentina,0,0.24,0.24,0,0,0.23,0,0,0.19,0,0,0,0,0,0.23,0,0,0,0,0.05,0,0,0.01,0,0.11
ARM,Armenia,0,0.01,0.04,0.02,0,0,0,0,0,0,0,0,0,0,0.97,0,0,0,0,0,0,0,0,0,0.25
AUS,Australia,0,0.04,0.01,0,0,0,0,0,0,0,0,0,0,0,0.02,0,0.02,0,0,0,0,0,0.07,0,0
AUT,Austria,0,0,0.02,0,0,0,0,0,0,0,0,0,0,0,0.97,0,0,0,0,0.05,0,0,0,0,0.08
AZE,Azerbaijan,0,0.09,0.01,0.89,0,0,0,0,0,0,0,0,0,0,0.82,0,0,0,0,0,0,0,0,0,0.32
BDI,Burundi,1.01,0,0.99,0,0,0,0,0,0,0,0,0,0,0,0.59,0,0.99,0.02,0,0,0,0.99,0.24,0.99,0
BEL,Belgium,0,0,0,0,0,0,0,0,0,0,0,0,0,0,0.98,0,0,0,0,0,0,0,0,0,0
BEN,Benin,1.01,0,1,1,0,0,1,0.76,0,0.77,0,0,0,0,1,0,1,0.24,1,0.41,0,1,0.12,1,0
BFA,Burkina Faso,1.01,0,1,1,0,0,1,0.01,0,0,0,0,0,0,1,0,1,0.38,1,0,0,0.99,0.95,0.94,0
BGD,Bangladesh,0,0,1,0,0.99,0,0,0,0,0.85,0.35,0,0,0,1,0,0.77,0,0,1,0,0,0.98,0.96,0.97
BGR,Bulgaria,0,0,0.04,0,0.03,0,0,0,0,0,0,0,0.02,0,0,0,0,0,0,0.02,0,0,0,0,0.03
BIH,Bosnia and Herzegovina,0,0,0.98,0,0.33,0,0,0,0,0,0,0,0,0,0.99,0,0,0,0,0,0,0,0,0,0.98
BLR,Byelarus,0,0,0,0,0,0,0,0,0,0,0,0,1,0,0,0,0,0,0,0,0,0,0,0,0
BLZ,Belize,0,0,0,0,0,0.98,0,0,0.01,0,0,0,0,0,0.38,0,0,0,0,0,0,0,0.9,0,0
BOL,Bolivia,0.74,0.06,0.51,0,0,0.1,0,0,0.01,0,0,0,0,0,0.48,0,0,0,0,0,0,0.76,0.96,0,0.42
BRA,Brazil,0.48,0.04,0.49,0,0.21,0.43,0,0.35,0.01,0,0,0,0,0,0.46,0,0.33,0,0.03,0,0,0.71,0.51,0.02,0.61
BRN,Brunei,0,0,0.9,0,0,0,0,0,0,0,0.93,0,0,0,0.93,0,0,0,0,0,0,0,0.99,0.99,0
BTN,Bhutan,0,0,0.17,0,0.15,0,0,0,0,0.64,0.51,0,0,0,0.62,0,0.14,0,0,0.16,0,0,0.05,0,0.1
BWA,Botswana,0,0.06,0.31,0,0,0,0,0,0,0,0,0,0,0,0,0,0,0,0,0,0,0,0,0,0
CAF,Central African Republic,1,0,0.49,0,0,0,0.58,0.2,0,0.18,0,0,0,0,0.52,0.44,0.6,0.54,0.69,0,0.01,1,0.02,1,0
CAN,Canada,0,0,0,0,0,0,0,0,0,0,0,0,0.11,0,0,0,0,0,0,0,0,0,0,0,0
CHE,Switzerland,0,0,0,0,0,0,0,0,0,0,0,0,0.82,0,0.01,0,0,0,0,0,0,0,0,0,0
CHL,Chile,0,0.04,0,0,0,0,0,0,0,0,0,0,0,0,0,0,0,0,0,0,0,0,0.02,0,0
CHN,China,0,0.11,0.13,0,0.23,0,0,0,0,0.19,0.06,0,0.06,0.01,0.21,0,0.07,0,0,0.21,0,0,0,0.14,0
CIV,Ivory Coast,1,0,1,1,0,0,1,0.26,0,0,0,0,0,0,1,0,1,0.38,1,0,0,1,0.99,1,0
CMR,Cameroon,1,0,0.88,0.03,0,0,1,0.12,0,0.98,0,0,0,0,0.98,0.91,1,1,1,0,0.06,1,0,1,0
COG,Congo,1,0,0.69,0,0,0,0.77,0.44,0,0.23,0,0,0,0,0.83,0.77,0.81,0.98,0.84,0,0.01,1,0.03,1,0
COL,Colombia,0.91,0,0.06,0,0,0.36,0,0,0.19,0.56,0,0,0,0,0.44,0,0.11,0,0,0,0,0.91,0.98,0,0.08
CRI,Costa Rica,0,0,0,0,0,0.74,0,0,0,0,0,0,0,0,0.7,0,0.41,0,0,0,0,0.07,0.97,0.07,0.36
CUB,Cuba,0,0.07,0.97,0,0,0,0,0,0,0,0,0,0,0,0,0,0.97,0,0,0.02,0,0,0.97,0,0
CYP,Cyprus,0,0,0.83,0.83,0.34,0,0.83,0,0,0,0,0,0,0,0,0,0,0,0,0.83,0,0,0,0,0.93
CZE,Czech Republic,0,0,0,0,0,0,0,0,0,0,0,0,0,0,0.08,0,0,0,0,0.02,0,0,0,0,0
DEU,Germany,0,0,0,0,0,0,0,0,0,0,0,0,0.17,0,0.04,0,0,0,0,0,0,0,0,0,0
DJI,Djibouti,0.01,0,0.02,0,0,0,0.02,0,0,0,0,0,0,0,0,0,0,0,0,0.01,0,0.03,0.95,0,0
DNK,Denmark,0,0,0,0,0,0,0,0,0,0,0,0,0.83,0,0,0,0,0,0,0,0,0,0,0,0
DOM,Dominican Republic,0,0,1,0,0,0,0,0,0,0,0,0,0,0,0,0,1,0,0,0,0,0,0.94,0.94,0
DZA,Algeria,0,0,0,0.15,0,0,0.07,0,0,0,0,0,0,0,0.06,0,0.04,0,0.01,0,0,0,0,0,0.08
ECU,Ecuador,0.31,0.21,0.01,0,0,0.69,0,0,0,0.92,0,0,0,0,0.16,0,0,0,0,0,0,0.31,1,0,0
EGY,Egypt,0,0.04,0.22,0.03,0.01,0,0.32,0.07,0,0,0,0,0,0,0.23,0,0.1,0.06,0,0.19,0,0,0,0,0.02
ERI,Eritrea,0.78,0,1,0,0,0,0,0.33,0,0,0,0,0,0,0.95,0,0,0.01,0,1,0,0.01,0.97,0,0.29
ESP,Spain,0,0,0.28,0.17,0.22,0,0,0,0,0,0,0,0,0,0.13,0,0.06,0,0,0,0,0,0,0,0.99
EST,Estonia,0,0,0,0,0,0,0,0,0,0,0,0,1.04,0,0,0,0,0,0,0,0,0,0,0,0
ETH,Ethiopia,1,0,0.74,0.04,0.06,0,0.73,0.11,0,0,0,0,0,0,0.01,0,0,0.03,0,0.02,0,0.99,1,0.26,0.52
FIN,Finland,0,0,0,0,0,0,0,0,0,0,0,0,0.82,0,0,0,0,0,0,0,0,0,0,0,0
FRA,France,0,0.01,0,0,0.09,0,0,0,0,0,0,0,0,0,0.09,0,0,0,0,0,0,0,0,0,0.27
GAB,Gabon,0.99,0,0.92,0,0,0,1,0,0,0,0,0,0,0,0.93,0.94,0.93,1,0.92,0,0.53,1,0,1,0
GBR,United Kingdom,0,0,0,0,0,0,0,0,0,0,0,0,0,0,0,0,0,0,0,0,0,0,0,0,0
GEO,Georgia,0,0,0.01,0.05,0,0,0,0,0,0,0,0,0,0,0.38,0,0,0,0,0.01,0,0,0,0,0
GHA,Ghana,1,0.04,1,0.9,0,0,1,0.63,0,0,0,0,0,0,1,0,1,0.44,1,0.03,0,1,1,1,0
GIN,Guinea,1,0,1,0.99,0,0,1,0.53,0,0,0,0,0,0,1,0,1,0.32,1,0,0,1,0.95,1,0
GMB,"Gambia, The",1.03,0,1.01,0.09,0,0,1,0,0,0,0,0,0,0,1,0,1,0.74,1,0,0,1.02,0.07,1.02,0
GNB,Guinea-Bissau,0.99,0,0.98,0.02,0,0,0.98,0,0,0,0,0,0,0,0.98,0,0.98,0.93,0.98,0,0,1.01,0.14,1.01,0
GNQ,Equatorial Guinea,1.04,0,0.99,0,0,0,0.46,0,0,0,0,0,0,0,0.52,0.99,0.99,0.99,0.99,0,0.06,0.92,0,0.92,0
GRC,Greece,0,0,0.95,0,0.82,0,0,0,0,0,0,0,0,0,0.01,0,0,0,0,0.94,0,0,0,0,0.96
GRL,Greenland,0,0,0,0,0,0,0,0,0,0,0,0,0,0,0,0,0,0,0,0,0,0,0,0,0
GTM,Guatemala,0,0,0.67,0,0,0.34,0,0,0,0,0,0,0,0,0.79,0,0,0.56,0,0,0,0,0.98,0,0.21
GUF,French Guiana,0.94,0,0.27,0,0,0.2,0,0,0,0,0,0,0,0,0.33,0,0.27,0,0,0,0,0.96,0.85,0.39,0
GUY,Guyana,0.94,0,0.13,0,0,0,0,0,0,0,0,0,0,0,0.23,0,0.24,0,0,0,0,0.98,0.97,0.53,0
HND,Honduras,0,0,0.73,0,0,0,0,0,0,0,0,0,0,0,0.77,0,0,0,0,0,0,0,0.98,0,0.37
HRV,Croatia,0,0,0.98,0,0.47,0,0,0,0,0,0,0,0,0,1,0,0.16,0,0,0,0,0,0,0,0.59
HTI,Haiti,0,0,0.97,0,0,0,0,0,0,0,0,0,0,0,0,0,0.97,0,0,0,0,0,0.93,0.93,0
HUN,Hungary,0,0,0.04,0,0,0,0,0,0,0,0,0,0.5,0,0.58,0,0,0,0,0,0,0,0,0,0
IDN,Indonesia,0,0.07,0.76,0,0,0,0,0,0,0.34,0.34,0,0,0,0.53,0,0.52,0,0.02,0.41,0,0,0.97,0.86,0
IND,India,0,0.08,0.86,0.15,0.32,0,0,0,0,0.16,0.11,0,0,0,0.92,0,0.28,0,0,0.9,0,0,0.95,0.62,0.3
IRL,Ireland,0,0.02,0,0,0,0,0,0,0,0,0,0,0.95,0,0,0,0,0,0,0,0,0,0,0,0
IRN,Iran,0,0.04,0.75,0.36,0.02,0,0.03,0,0,0,0,0,0,0,0.04,0,0,0,0,0,0,0,0,0,0.02
IRQ,Iraq,0,0.1,0.53,0.2,0,0,0.33,0,0,0,0,0,0,0,0.59,0,0,0,0,0,0,0,0,0,0
ISL,Iceland,0,0,0.42,0,0,0,0,0,0,0,0,0.04,0.04,0,0,0,0,0,0,0,0,0,0,0,0
ISR,Israel,0,0,0.9,0.99,0.46,0,0.01,0,0,0,0,0,1,0,0.99,0,0,0,0,1,0,0,0,0,0
ITA,Italy,0,0.01,0,0.19,0.14,0,0,0,0,0,0,0,0.01,0,0.86,0,0.04,0,0,0.01,0,0,0,0,0.86
JAM,Jamaica,0,0,0.94,0,0,0,0,0,0,0,0,0,0,0,0,0,0.94,0,0,0,0,0,0.92,0,0
JOR,Jordan,0,0,0.01,0.1,0.04,0,0.01,0,0,0,0,0,0.13,0,0.02,0,0,0,0,0.42,0,0,0,0,0
JPN,Japan,0,0,0.97,0,0,0,0,0,0,0.97,0,0,0.97,0.1,0.97,0,0.53,0,0,0.22,0,0,0,0,0
KAZ,Kazakhstan,0,0.02,0,0,0.02,0,0,0,0,0,0,0,0.65,0,0,0,0,0,0,0,0,0,0,0,0.02
KEN,Kenya,1,0.15,0.58,0,0.26,0,0.61,0.33,0,0,0,0,0,0,0.59,0,0.59,0.47,0,0,0,1,1,0.99,0.67
KGZ,Kyrgyzstan,0,0,0,0,0.09,0,0,0,0,0,0,0,0.77,0,0,0,0,0,0,0,0,0,0,0,0
KHM,Cambodia,0,0.04,1,0,0,0,0,0,0,1,0.29,0,0,0,0.99,0,0.1,0,0,1,0,0,0.99,0.03,0
KOR,"Korea, Republic of",0,0,0.98,0,0,0,0,0,0,0.99,0,0,0,0.43,0.99,0,0.99,0,0,0,0,0,0,0,0
KWT,Kuwait,0,0.51,0.04,0,0,0,0.04,0,0,0,0,0,0,0,0.99,0,0,0,0,0,0,0,0,0,0
LAO,Laos,0,0,1,0,0,0,0,0,0,1,0.4,0,0,0,0.63,0,0.01,0,0,1,0,0,1,0.03,0
LBN,Lebanon,0,0,0.94,0.88,0,0,0.89,0,0,0,0,0,0.2,0,0.92,0,0,0,0,0.94,0,0,0,0,0
LBR,Liberia,1,0,1,0.02,0,0,1,0.99,0,0,0,0,0,0,1,0,1,1,1,0,0,0.99,0.11,0.99,0
LBY,Libya,0,0.01,0.09,0.08,0,0,0.08,0,0,0.15,0,0,0,0,0,0,0.09,0,0,0,0,0,0,0,0.17
LKA,Sri Lanka,0,0,0.99,0.99,0,0,0,0,0,0,0,0,0,0,0.99,0,0.99,0,0,0.99,0,0,0,0,0
LSO,Lesotho,0,0.19,0.99,0,0,0,0.69,0,0,0,0,0,0,0,0,0,0,0,0,0,0,0,0,0,0
LTU,Lithuania,0,0,0,0,0,0,0,0,0,0,0,0.22,1,0,0.11,0,0,0,0,0,0,0,0,0,0
LUX,Luxembourg,0,0,0,0,0,0,0,0,0,0,0,0,0,0,0.04,0,0,0,0,0,0,0,0,0,0
LVA,Latvia,0,0,0,0,0,0,0,0,0,0,0,0.15,1.04,0,0,0,0,0,0,0,0,0,0,0,0
MAR,Morocco,0,0.07,0,0.31,0.11,0,0.34,0,0,0,0,0,0,0,0.36,0,0.19,0,0,0,0,0,0,0,0.85
MDA,Moldova,0,0,0,0,0,0,0,0,0,0,0,0,0.98,0,0,0,0,0,0,0,0,0,0,0,0
MDG,Madagascar,0,0.29,0.72,0,0,0,0.66,0.32,0,0,0,0,0,0,0.7,0,0.61,0,0,0.07,0,0,0.01,0.53,0
MEX,Mexico,0,0.02,0.77,0,0,0.09,0,0,0.06,0,0,0,0,0,0.78,0,0,0.05,0,0,0,0,0.28,0,0.02
MKD,Macedonia,0,0,0.98,0,0.31,0,0,0,0,0,0,0,0,0,0.78,0,0,0,0,0,0,0,0,0,0.93
MLI,Mali,0.36,0,0.4,0.27,0,0,0.48,0.16,0,0,0,0,0,0,0.4,0,0.38,0,0.4,0,0,0.29,0.01,0.27,0
MMR,Myanmar (Burma),0,0.4,0.9,0,0,0,0,0,0,0.05,0,0,0,0,0.81,0,0.38,0,0,0.36,0,0,0.98,0.94,0.03
MNG,Mongolia,0,0,0,0,0,0,0,0,0,0,0,0,0.22,0,0,0,0,0,0,0,0,0,0,0,0
MON,Montenegro,0,0,0.07,0,0.01,0,0,0,0,0,0,0,0,0,1,0,0,0,0,0,0,0,0,0,0.89
MOZ,Mozambique,0,0,0.98,0,0,0,1,0.03,0,0,0,0,0,0,0.99,0,0,0.04,0,0,0,0,0.98,0.76,0
MRT,Mauritania,0,0,0.16,0,0,0,0.22,0.02,0,0,0,0,0,0,0.15,0,0.03,0,0.07,0,0,0,0,0,0.03
MWI,Malawi,0,0.32,1,0,0,0,1,0.41,0,0,0,0,0,0,1,0,0,0,0,0,0,0,0.09,0.98,0
MYS,Malaysia,0,0,0.57,0,0,0,0,0,0,0.38,0.53,0,0,0,0.55,0,0.11,0,0,0.38,0,0,0.99,0.62,0
NAM,Namibia,0,0.04,0.04,0,0,0,0,0,0,0,0,0,0,0,0,0,0,0,0,0,0,0,0,0,0
NER,Niger,0.32,0,0.31,0.05,0,0,0.32,0.03,0,0.01,0,0,0,0,0.3,0,0.28,0,0.21,0,0,0.18,0.01,0.13,0
NGA,Nigeria,1,0.01,1,1,0,0,1,0.69,0,0.92,0,0,0,0,1,0.48,1,0.66,1,0,0,1,0.98,1,0
NIC,Nicaragua,0,0,0.38,0,0,0.01,0,0,0,0,0,0,0,0,0.54,0,0,0,0,0,0,0,0.98,0,0.3
NLD,Netherlands,0,0,0,0,0,0,0,0,0,0,0,0,0,0,0.37,0,0,0,0,0,0,0,0,0,0
NOR,Norway,0,0,0,0,0,0,0,0,0,0,0,0,0,0,0,0,0,0,0,0,0,0,0,0,0
NPL,Nepal,0,0,0.02,0.02,0.02,0,0,0,0,0.01,0,0,0,0,0.45,0,0.03,0,0,0.02,0,0,0.03,0.61,0.27
NZL,New Zealand,0,0,0,0,0,0,0,0,0,0,0,0,0,0,0,0,0,0,0,0,0,0,0,0,0
OMN,Oman,0,0,0,0,0,0,0,0,0,0,0,0,0,0,0,0,0.14,0,0,0,0,0,0,0.29,0
PAK,Pakistan,0,0,0.28,0.54,0,0,0,0,0,0,0,0,0,0,0.66,0,0,0,0,0.27,0,0,0.37,0,0.15
PAN,Panama,0.96,0.02,0.32,0,0,0.01,0,0,0.24,0.01,0,0,0,0,0.01,0,0.01,0,0,0,0,0.94,0.94,0.88,0
PER,Peru,0.43,0.08,0.55,0,0,0.88,0,0.04,0,0.52,0,0,0,0,0.25,0,0,0,0,0,0,0.56,0.98,0,0
PHL,Philippines,0,0.04,0.96,0,0,0,0,0,0,0.96,0,0,0.96,0,0.96,0,0.96,0,0,0.96,0,0,0.96,0.36,0
PNG,Papua New Guinea,0,0,0,0,0,0,0,0,0,0.31,0,0,0,0,0.32,0,0.13,0,0.02,0,0,0,0.98,0.92,0
POL,Poland,0,0,0,0,0,0,0,0,0,0,0,0,0.86,0,0.98,0,0,0,0,0,0,0,0,0,0
PRI,Puerto Rico,0,0.45,0,0,0,0,0,0.95,0,0,0,0,0,0,0,0,0.95,0,0,0,0,0,0.94,0,0
PRK,"Korea, Democratic People's Republic of",0,0,0,0,0,0,0,0,0,0.99,0,0,0,0.05,0.99,0,0.26,0,0,0,0,0,0,0,0
PRT,Portugal,0,0,0.97,0,0.32,0,0.28,0,0,0,0,0,0,0,0.23,0,0,0,0,0,0,0,0,0,0.99
PRY,Paraguay,0,0,0.29,0,0,0.26,0,0,0,0,0,0,0,0,0.34,0,0,0,0.44,0,0,0.05,0.94,0,0.99
QAT,Qatar,0,0,0,0,0,0,0,0,0,0,0,0,0,0,0,0,0,0,0,0,0,0,0,0,0
ROM,Romania,0,0,0.97,0,0,0,0,0,0,0,0,0,1,0,0,0,0,0,0,0,0,0,0,0,0
RUS,Russia,0,0.01,0,0.01,0,0,0,0,0,0,0,0.02,0.4,0,0.04,0,0,0,0,0,0,0,0,0,0
RWA,Rwanda,1,0,1,0,0,0,0.02,0.02,0,0,0,0,0,0,0.81,0.02,1,1,0.02,0,0,1.01,0.11,1.01,0
SAU,Saudi Arabia,0,0.02,0,0,0,0,0.03,0.04,0,0,0,0,0,0,0,0,0,0,0,0,0,0,0,0,0
SDN,Sudan,0.62,0,0.56,0,0.51,0,0.51,0.22,0,0,0,0,0,0,0.07,0.13,0.26,0.36,0.25,0.22,0,0.41,0.13,0.42,0.51
SEN,Senegal,1,0,1,0.98,0,0,1,0.23,0,0,0,0,0,0,1,0,0.99,0.27,0.99,0.02,0,0.9,0.87,0.68,0
SLE,Sierra Leone,0.99,0,1,0.02,0,0,1,1,0,0,0,0,0,0,1,0,1,1,1,0,0,1,0.93,1,0
SLV,El Salvador,0,0,0.06,0,0,0,0,0,0,0,0,0,0,0,1,0,0,0.26,0,0,0,0,0.97,0,0.45
SOM,Somalia,0.6,0.01,0.8,0,0.05,0,0.61,0,0,0,0,0,0,0,0.58,0,0.79,0,0,0.52,0,0.77,0.99,0.13,0.23
SRB,Serbia,0,0,0.98,0,0.18,0,0,0,0,0,0,0,0.01,0,0.98,0,0,0,0,0,0,0,0,0,0.46
SUR,Suriname,0.94,0,0.33,0,0,0,0,0.28,0,0,0,0,0,0,0.32,0,0.27,0,0,0,0,0.99,0.97,0.34,0
SVK,Slovakia,0,0,0,0,0,0,0,0,0,0,0,0,0.45,0,0.1,0,0,0,0,0,0,0,0,0,0
SVN,Slovenia,0,0,0.95,0,0,0,0,0,0,0,0,0,0,0,1,0,0.16,0,0,0,0,0,0,0,0.8
SWE,Sweden,0,0,0,0,0,0,0,0,0,0,0,0,0.68,0,0,0,0,0,0,0,0,0,0,0,0
SWZ,Swaziland,0,0,0.99,0,0,0,0.99,0.98,0,0,0,0,0,0,0.01,0,0,0,0,0,0,0,0.07,0,0
SYR,Syria,0,0.02,0.86,0.14,0,0,0.88,0.17,0,0,0,0,0.01,0,0.98,0,0,0,0,0.83,0,0,0,0,0
TCD,Chad,0.52,0,0.31,0.02,0,0,0.35,0.26,0,0.06,0,0,0,0,0.34,0,0.34,0.27,0.34,0.02,0,0.41,0,0.4,0.02
TGO,Togo,1.01,0,1,0.03,0,0,1,0.61,0,0.02,0,0,0,0,1,0,1,0.38,1,0.01,0,1.02,0.79,1.02,0
THA,Thailand,0,0.04,1,0,0,0,0,0,0,1,0,0.04,0,0,1,0,0.9,0,0,1,0,0,0.99,0,0
TJK,Tajikistan,0,0,0,0.51,0.29,0,0,0,0,0,0,0,0.59,0,0,0,0,0,0,0,0,0,0,0,0
TKM,Turkmenistan,0,0,0,0.33,0,0,0,0,0,0,0,0,0.25,0,0,0,0,0,0,0,0,0,0,0,0
TTO,Trinidad,0,0,0,0,0,0,0,0,0,0,0,0,0,0,0,0,0.92,0,0,0,0,0,0.8,0,0
TUN,Tunisia,0,0.34,0.69,0.6,0.17,0,0.72,0,0,0,0,0,0,0,0,0,0.51,0,0.06,0,0,0,0,0,0.99
TUR,Turkey,0,0.01,0.98,0.41,0.01,0,0,0,0,0,0,0,0,0,0.14,0,0.03,0,0,0.99,0,0,0,0,0.43
TWN,Taiwan,0,0.23,0.97,0,0,0,0,0,0,0.98,0,0,0,0,0.98,0,0.98,0,0,0.98,0,0,1.01,0,0
TZA,"Tanzania, United Republic of",0.99,0.08,0.41,0,0,0,0.44,0.14,0,0,0,0,0,0,0.42,0,0.39,0.61,0,0,0,0.98,0.99,0.99,0
UGA,Uganda,1.01,0.26,0.96,0,0.01,0,0.38,0.36,0,0,0,0,0,0,0.96,0.59,0.99,0.99,0.64,0,0,1,0.06,1,0.05
UKR,Ukraine,0,0,0,0,0,0,0,0,0,0,0,0,1,0,0,0,0,0,0,0,0,0,0,0,0
URY,Uruguay,0,0.03,1,0,0,0,0,0,0,0,0,0,0,0,0,0,0,0,0,0,0,0,0,0,0
USA,United States,0,0.04,0,0,0,0,0,0,0,0,0,0,0.07,0,0.15,0,0,0,0,0,0,0,0.07,0,0
UZB,Uzbekistan,0,0,0,0.07,0.13,0,0,0,0,0,0,0,0.44,0,0,0,0,0,0,0,0,0,0,0,0
VEN,Venezuela,0.99,0.01,0.48,0,0,0.46,0,0.1,0.18,0.51,0,0,0,0,0.54,0,0.55,0.09,0,0,0,0.99,0.97,0.01,0.06
VNM,Vietnam,0,0.05,1,0,0,0,0,0,0,0.99,0.85,0,0,0.04,0.7,0,0.77,0,0,1,0,0,0.96,0.82,0
WSH,Western Sahara,0,0,0.01,0,0,0,0.2,0,0,0,0,0,0,0,0.18,0,0,0,0,0,0,0,0,0,0.74
YEM,Yemen,0,0.03,0,0,0,0,0.24,0.09,0,0,0,0,0,0,0,0,0.19,0,0,0,0,0,0,0,0
ZAF,South Africa,0,0.28,0.92,0,0,0,0.32,0.15,0,0,0,0,0,0,0.03,0,0,0,0,0,0,0,0.01,0,0
ZAR,Zaire,0.95,0,0.88,0,0,0,0.84,0.86,0,0.86,0,0,0,0,0.85,0.66,0.85,0.85,0.85,0.03,0.04,0.9,0.99,1,0
ZMB,Zambia,0.16,0.16,0.44,0,0,0,0.53,0.41,0,0,0,0,0,0,0.52,0,0,0,0.44,0,0,0.15,0.02,0.75,0
ZWE,Zimbabwe,0,0,0.98,0,0,0,1,0.43,0,0,0,0,0,0,0.01,0,0,0,0,0,0,0,0.05,0.51,0
